0 20 6
25 35 20
40 50 2
55 65 5
70 89 38
94 116 57
121 131 13
136 149 27
154 180 76
185 210 95
215 226 30
231 241 36
246 278 126
283 310 133
315 327 47
332 342 48
347 386 179
391 432 190
437 447 58
452 463 63
468 517 243
522 563 236
568 581 75
586 601 85
606 662 314
667 726 314
731 748 96
753 763 99
768 828 390
833 893 397
898 913 116
918 931 117
936 996 471
1001 1061 459
1066 1084 142
1089 1109 145
1114 1174 548
1179 1239 554
1244 1258 159
1263 1280 166
1285 1345 619
1350 1410 630
1415 1427 170
1432 1448 186
1453 1513 705
1518 1578 704
1583 1598 189
1603 1620 205
1625 1685 771
1690 1750 783
1755 1775 208
1780 1799 224
1804 1864 846
1869 1929 865
1934 1962 239
1967 1986 247
1991 2051 938
2056 2116 936
2121 2141 257
2146 2167 267
2172 2232 1015
2237 2297 1017
2302 2326 283
2331 2354 291
2359 2419 1099
2424 2484 1097
2489 2511 305
2516 2547 320
2552 2612 1176
2617 2677 1188
2682 2707 331
2712 2740 348
2745 2805 1270
2810 2870 1287
2875 2898 355
2903 2938 379
2943 3003 1351
3008 3068 1368
3073 3091 371
3096 3129 408
3134 3194 1415
3199 3259 1449
3264 3289 398
3294 3326 437
3331 3391 1496
3396 3456 1532
3461 3491 421
3496 3527 462
3532 3592 1574
3597 3657 1613
3662 3688 453
3693 3727 491
3732 3792 1659
3797 3857 1703
3862 3883 468
3888 3917 513
3922 3982 1733
3987 4047 1784
4052 4086 489
4091 4120 533
4125 4185 1825
4190 4250 1856
4255 4291 520
4296 4328 559
4333 4393 1915
4398 4458 1939
4463 4496 540
4501 4534 576
4539 4599 1998
4604 4664 2027
4669 4708 565
4713 4755 610
4760 4820 2082
4825 4885 2121
4890 4934 598
4939 4984 644
4989 5049 2182
5054 5114 2193
5119 5162 628
5167 5211 676
5216 5276 2272
5281 5341 2296
5346 5389 654
5394 5432 704
5437 5497 2371
5502 5562 2384
5567 5612 679
5617 5653 732
5658 5718 2462
5723 5783 2467
5788 5832 708
5837 5871 750
