1
6
11
17
13
21
28
26
35
34
42
37
58
44
57
51
75
59
63
68
92
78
78
88
105
98
92
98
120
109
107
116
133
122
126
131
146
139
141
143
161
153
154
167
175
164
168
182
188
182
182
190
210
197
198
207
221
214
210
223
236
233
221
235
257
245
238
249
272
263
248
266
288
280
260
280
304
292
278
292
318
304
298
315
332
312
311
334
350
326
327
350
365
339
342
364
378
350
360
377
397
366
374
391
409
381
385
416
423
390
396
433
441
404
410
452
454
420
423
473
470
429
438
488
486
445
454
501
502
455
470
522
511
468
491
533
525
483
509
548
534
504
520
565
547
514
542
579
561
530
561
594
574
543
574
607
591
556
589
626
614
565
598
642
632
579
610
661
652
591
621
683
667
603
638
699
679
615
652
721
688
630
664
738
704
640
681
759
719
652
692
775
735
665
713
785
758
674
726
799
773
690
736
817
789
701
752
836
808
712
765
853
824
726
781
864
844
735
797
882
856
746
814
899
871
759
832
916
889
774
849
928
899
790
870
937
912
804
891
954
925
812
908
965
942
830
925
978
955
847
942
990
972
859
959
1007
985
878
967
1021
1004
892
982
1034
1021
908
997
1047
1035
925
1007
1070
1046
943
1019
1090
1060
957
1034
1104
1079
964
1049
1122
1092
987
1061
1131
1103
1008
1079
1143
1118
1024
1093
1156
1134
1036
1110
1170
1145
1058
1120
1187
1162
1073
1138
1203
1172
1086
1153
1218
1187
1103
1168
1234
1204
1116
1182
1249
1217
1132
1194
1265
1230
1152
1208
1277
1251
1163
1222
1292
1266
1181
1236
1309
1275
1195
1254
1327
1290
1209
1270
1336
1303
1230
1284
1350
1318
1244
1297
1370
1329
1260
1313
1382
1345
1272
1340
1392
1361
1289
1354
1403
1374
1304
1373
1412
1391
1322
1389
1426
1409
1335
1403
1438
1424
1352
1421
1449
1438
1366
1436
1466
1453
1382
1451
1476
1463
1404
1465
1496
1477
1416
1476
1510
1492
1434
1490
1530
1505
1449
1509
1549
1514
1469
1522
1558
1527
1484
1537
1570
1552
1498
1555
1580
1566
1517
1564
1595
1577
1533
1581
1613
1594
1545
1597
1631
1609
1558
1608
1647
1627
1577
1617
1658
1641
1592
1638
1670
1660
1606
1650
1688
1673
1622
1662
1705
1688
1638
1674
1721
1702
1651
1690
1734
1721
1667
1707
1744
1731
1684
1720
1765
1746
1698
1734
1780
1764
1709
1749
1798
1779
1724
1762
1817
1791
1738
1781
1828
1805
1755
1791
1846
1822
1764
1802
1866
1837
1782
1819
1879
1848
1799
1835
1891
1868
1816
1848
1903
1886
1829
1862
1924
1897
1842
1878
1944
1907
1859
1893
1959
1919
1879
1905
1973
1935
1895
1920
1989
1945
1909
1940
2001
1965
1921
1954
2014
1983
1939
1968
2026
1997
1953
1983
2046
2007
1965
1999
2061
2029
1977
2013
2079
2046
1985
2027
2098
2059
1997
2046
2117
2071
2010
2061
2129
2087
2024
2076
2144
2107
2041
2085
2165
2116
2056
2099
2183
2132
2067
2114
2198
2149
2078
2132
2208
2171
2090
2152
2220
2183
2106
2170
2234
2192
2126
2188
2249
2209
2138
2199
2265
2221
2156
2214
2282
2240
2167
2229
2295
2255
2184
2243
2312
2272
2195
2259
2327
2282
2208
2277
2344
2302
2218
2292
2354
2321
2237
2304
2371
2337
2248
2313
2394
2352
2260
2331
2409
2366
2274
2343
2425
2382
2289
2363
2435
2393
2305
2388
2448
2405
2318
2405
2461
2419
2330
2424
2471
2441
2339
2445
2488
2451
2357
2461
2502
2465
2369
2476
2517
2481
2381
2492
2534
2496
2397
2506
2548
2506
2415
2520
2566
2518
2434
2533
2581
2534
2454
2548
2591
2548
2467
2561
2606
2566
2479
2580
2618
